w_path = 1.0 
w_goal_dist = 0.7292481250099078
w_bomb_dist = -3.933012291070983
w_monster_dist = -2.5865437632669748
